"id" "setsize" "setsize_lin" "n_IIP" "n_IOP" "n_NPL" "IIP" "IOP" "NPL" "total"
"1" 1 "2" -3 1 2 0 23 0 0 23
"2" 10 "2" -3 1 2 0 23 0 0 23
"3" 11 "2" -3 1 2 0 23 0 0 23
"4" 12 "2" -3 1 2 0 22 1 0 23
"5" 13 "2" -3 1 2 0 23 0 0 23
"6" 14 "2" -3 1 2 0 23 0 0 23
"7" 15 "2" -3 1 2 0 23 0 0 23
"8" 16 "2" -3 1 2 0 23 0 0 23
"9" 17 "2" -3 1 2 0 22 1 0 23
"10" 18 "2" -3 1 2 0 23 0 0 23
"11" 19 "2" -3 1 2 0 23 0 0 23
"12" 2 "2" -3 1 2 0 23 0 0 23
"13" 20 "2" -3 1 2 0 22 1 0 23
"14" 3 "2" -3 1 2 0 23 0 0 23
"15" 4 "2" -3 1 2 0 23 0 0 23
"16" 5 "2" -3 1 2 0 23 0 0 23
"17" 6 "2" -3 1 2 0 23 0 0 23
"18" 7 "2" -3 1 2 0 23 0 0 23
"19" 8 "2" -3 1 2 0 23 0 0 23
"20" 9 "2" -3 1 2 0 23 0 0 23
"21" 1 "4" -1 1 2 0 23 0 0 23
"22" 10 "4" -1 1 2 0 23 0 0 23
"23" 11 "4" -1 1 2 0 23 0 0 23
"24" 12 "4" -1 1 2 0 21 2 0 23
"25" 13 "4" -1 1 2 0 23 0 0 23
"26" 14 "4" -1 1 2 0 22 1 0 23
"27" 15 "4" -1 1 2 0 23 0 0 23
"28" 16 "4" -1 1 2 0 20 3 0 23
"29" 17 "4" -1 1 2 0 23 0 0 23
"30" 18 "4" -1 1 2 0 23 0 0 23
"31" 19 "4" -1 1 2 0 23 0 0 23
"32" 2 "4" -1 1 2 0 23 0 0 23
"33" 20 "4" -1 1 2 0 23 0 0 23
"34" 3 "4" -1 1 2 0 23 0 0 23
"35" 4 "4" -1 1 2 0 23 0 0 23
"36" 5 "4" -1 1 2 0 23 0 0 23
"37" 6 "4" -1 1 2 0 22 1 0 23
"38" 7 "4" -1 1 2 0 21 2 0 23
"39" 8 "4" -1 1 2 0 23 0 0 23
"40" 9 "4" -1 1 2 0 23 0 0 23
"41" 1 "6" 1 1 2 0 22 1 0 23
"42" 10 "6" 1 1 2 0 21 2 0 23
"43" 11 "6" 1 1 2 0 23 0 0 23
"44" 12 "6" 1 1 2 0 23 0 0 23
"45" 13 "6" 1 1 2 0 21 2 0 23
"46" 14 "6" 1 1 2 0 22 1 0 23
"47" 15 "6" 1 1 2 0 21 2 0 23
"48" 16 "6" 1 1 2 0 16 7 0 23
"49" 17 "6" 1 1 2 0 21 2 0 23
"50" 18 "6" 1 1 2 0 21 2 0 23
"51" 19 "6" 1 1 2 0 21 2 0 23
"52" 2 "6" 1 1 2 0 23 0 0 23
"53" 20 "6" 1 1 2 0 22 1 0 23
"54" 3 "6" 1 1 2 0 17 6 0 23
"55" 4 "6" 1 1 2 0 21 2 0 23
"56" 5 "6" 1 1 2 0 21 2 0 23
"57" 6 "6" 1 1 2 0 17 6 0 23
"58" 7 "6" 1 1 2 0 14 9 0 23
"59" 8 "6" 1 1 2 0 20 3 0 23
"60" 9 "6" 1 1 2 0 20 3 0 23
"61" 1 "8" 3 1 2 0 16 7 0 23
"62" 10 "8" 3 1 2 0 20 3 0 23
"63" 11 "8" 3 1 2 0 20 3 0 23
"64" 12 "8" 3 1 2 0 14 9 0 23
"65" 13 "8" 3 1 2 0 14 9 0 23
"66" 14 "8" 3 1 2 0 18 5 0 23
"67" 15 "8" 3 1 2 0 22 1 0 23
"68" 16 "8" 3 1 2 0 15 8 0 23
"69" 17 "8" 3 1 2 0 22 1 0 23
"70" 18 "8" 3 1 2 0 18 5 0 23
"71" 19 "8" 3 1 2 0 20 3 0 23
"72" 2 "8" 3 1 2 0 20 3 0 23
"73" 20 "8" 3 1 2 0 22 1 0 23
"74" 3 "8" 3 1 2 0 17 6 0 23
"75" 4 "8" 3 1 2 0 19 4 0 23
"76" 5 "8" 3 1 2 0 20 3 0 23
"77" 6 "8" 3 1 2 0 13 10 0 23
"78" 7 "8" 3 1 2 0 12 11 0 23
"79" 8 "8" 3 1 2 0 21 2 0 23
"80" 9 "8" 3 1 2 0 14 9 0 23
"81" 1 "4" -1 1 4 0 23 0 0 23
"82" 10 "4" -1 1 4 0 22 1 0 23
"83" 11 "4" -1 1 4 0 23 0 0 23
"84" 12 "4" -1 1 4 0 20 3 0 23
"85" 13 "4" -1 1 4 0 22 1 0 23
"86" 14 "4" -1 1 4 0 21 2 0 23
"87" 15 "4" -1 1 4 0 22 1 0 23
"88" 16 "4" -1 1 4 0 20 3 0 23
"89" 17 "4" -1 1 4 0 21 2 0 23
"90" 18 "4" -1 1 4 0 23 0 0 23
"91" 19 "4" -1 1 4 0 23 0 0 23
"92" 2 "4" -1 1 4 0 23 0 0 23
"93" 20 "4" -1 1 4 0 23 0 0 23
"94" 3 "4" -1 1 4 0 22 1 0 23
"95" 4 "4" -1 1 4 0 23 0 0 23
"96" 5 "4" -1 1 4 0 23 0 0 23
"97" 6 "4" -1 1 4 0 20 3 0 23
"98" 7 "4" -1 1 4 0 23 0 0 23
"99" 8 "4" -1 1 4 0 23 0 0 23
"100" 9 "4" -1 1 4 0 23 0 0 23
"101" 1 "6" 1 1 4 0 20 3 0 23
"102" 10 "6" 1 1 4 0 21 2 0 23
"103" 11 "6" 1 1 4 0 21 2 0 23
"104" 12 "6" 1 1 4 0 19 4 0 23
"105" 13 "6" 1 1 4 0 20 3 0 23
"106" 14 "6" 1 1 4 0 19 4 0 23
"107" 15 "6" 1 1 4 0 20 3 0 23
"108" 16 "6" 1 1 4 0 14 9 0 23
"109" 17 "6" 1 1 4 0 23 0 0 23
"110" 18 "6" 1 1 4 0 22 1 0 23
"111" 19 "6" 1 1 4 0 22 1 0 23
"112" 2 "6" 1 1 4 0 20 3 0 23
"113" 20 "6" 1 1 4 0 18 5 0 23
"114" 3 "6" 1 1 4 0 17 6 0 23
"115" 4 "6" 1 1 4 0 21 2 0 23
"116" 5 "6" 1 1 4 0 17 6 0 23
"117" 6 "6" 1 1 4 0 13 10 0 23
"118" 7 "6" 1 1 4 0 12 11 0 23
"119" 8 "6" 1 1 4 0 21 2 0 23
"120" 9 "6" 1 1 4 0 11 12 0 23
"121" 1 "8" 3 1 4 0 20 3 0 23
"122" 10 "8" 3 1 4 0 19 4 0 23
"123" 11 "8" 3 1 4 0 17 6 0 23
"124" 12 "8" 3 1 4 0 13 10 0 23
"125" 13 "8" 3 1 4 0 15 8 0 23
"126" 14 "8" 3 1 4 0 13 10 0 23
"127" 15 "8" 3 1 4 0 19 4 0 23
"128" 16 "8" 3 1 4 0 12 11 0 23
"129" 17 "8" 3 1 4 0 21 2 0 23
"130" 18 "8" 3 1 4 0 22 1 0 23
"131" 19 "8" 3 1 4 0 19 4 0 23
"132" 2 "8" 3 1 4 0 16 7 0 23
"133" 20 "8" 3 1 4 0 17 6 0 23
"134" 3 "8" 3 1 4 0 17 6 0 23
"135" 4 "8" 3 1 4 0 16 7 0 23
"136" 5 "8" 3 1 4 0 12 11 0 23
"137" 6 "8" 3 1 4 0 6 17 0 23
"138" 7 "8" 3 1 4 0 12 11 0 23
"139" 8 "8" 3 1 4 0 22 1 0 23
"140" 9 "8" 3 1 4 0 10 13 0 23
"141" 1 "6" 1 1 6 0 20 3 0 23
"142" 10 "6" 1 1 6 0 21 2 0 23
"143" 11 "6" 1 1 6 0 21 2 0 23
"144" 12 "6" 1 1 6 0 19 4 0 23
"145" 13 "6" 1 1 6 0 20 3 0 23
"146" 14 "6" 1 1 6 0 15 8 0 23
"147" 15 "6" 1 1 6 0 19 4 0 23
"148" 16 "6" 1 1 6 0 8 15 0 23
"149" 17 "6" 1 1 6 0 22 1 0 23
"150" 18 "6" 1 1 6 0 20 3 0 23
"151" 19 "6" 1 1 6 0 22 1 0 23
"152" 2 "6" 1 1 6 0 22 1 0 23
"153" 20 "6" 1 1 6 0 17 6 0 23
"154" 3 "6" 1 1 6 0 19 4 0 23
"155" 4 "6" 1 1 6 0 19 4 0 23
"156" 5 "6" 1 1 6 0 19 4 0 23
"157" 6 "6" 1 1 6 0 14 9 0 23
"158" 7 "6" 1 1 6 0 15 8 0 23
"159" 8 "6" 1 1 6 0 21 2 0 23
"160" 9 "6" 1 1 6 0 11 12 0 23
"161" 1 "8" 3 1 6 0 14 9 0 23
"162" 10 "8" 3 1 6 0 19 4 0 23
"163" 11 "8" 3 1 6 0 20 3 0 23
"164" 12 "8" 3 1 6 0 12 11 0 23
"165" 13 "8" 3 1 6 0 17 6 0 23
"166" 14 "8" 3 1 6 0 14 9 0 23
"167" 15 "8" 3 1 6 0 19 4 0 23
"168" 16 "8" 3 1 6 0 9 14 0 23
"169" 17 "8" 3 1 6 0 20 3 0 23
"170" 18 "8" 3 1 6 0 21 2 0 23
"171" 19 "8" 3 1 6 0 16 7 0 23
"172" 2 "8" 3 1 6 0 17 6 0 23
"173" 20 "8" 3 1 6 0 18 5 0 23
"174" 3 "8" 3 1 6 0 17 6 0 23
"175" 4 "8" 3 1 6 0 9 14 0 23
"176" 5 "8" 3 1 6 0 13 10 0 23
"177" 6 "8" 3 1 6 0 8 15 0 23
"178" 7 "8" 3 1 6 0 13 10 0 23
"179" 8 "8" 3 1 6 0 17 6 0 23
"180" 9 "8" 3 1 6 0 13 10 0 23
"181" 1 "8" 3 1 8 0 12 11 0 23
"182" 10 "8" 3 1 8 0 15 8 0 23
"183" 11 "8" 3 1 8 0 17 6 0 23
"184" 12 "8" 3 1 8 0 10 13 0 23
"185" 13 "8" 3 1 8 0 17 6 0 23
"186" 14 "8" 3 1 8 0 8 15 0 23
"187" 15 "8" 3 1 8 0 18 5 0 23
"188" 16 "8" 3 1 8 0 8 15 0 23
"189" 17 "8" 3 1 8 0 21 2 0 23
"190" 18 "8" 3 1 8 0 16 7 0 23
"191" 19 "8" 3 1 8 0 16 7 0 23
"192" 2 "8" 3 1 8 0 20 3 0 23
"193" 20 "8" 3 1 8 0 12 11 0 23
"194" 3 "8" 3 1 8 0 13 10 0 23
"195" 4 "8" 3 1 8 0 15 8 0 23
"196" 5 "8" 3 1 8 0 14 9 0 23
"197" 6 "8" 3 1 8 0 8 15 0 23
"198" 7 "8" 3 1 8 0 6 17 0 23
"199" 8 "8" 3 1 8 0 14 9 0 23
"200" 9 "8" 3 1 8 0 12 11 0 23
"201" 1 "2" -3 1 1 1 23 0 0 23
"202" 10 "2" -3 1 1 1 23 0 0 23
"203" 11 "2" -3 1 1 1 23 0 0 23
"204" 12 "2" -3 1 1 1 23 0 0 23
"205" 13 "2" -3 1 1 1 23 0 0 23
"206" 14 "2" -3 1 1 1 23 0 0 23
"207" 15 "2" -3 1 1 1 23 0 0 23
"208" 16 "2" -3 1 1 1 23 0 0 23
"209" 17 "2" -3 1 1 1 22 0 1 23
"210" 18 "2" -3 1 1 1 23 0 0 23
"211" 19 "2" -3 1 1 1 23 0 0 23
"212" 2 "2" -3 1 1 1 23 0 0 23
"213" 20 "2" -3 1 1 1 23 0 0 23
"214" 3 "2" -3 1 1 1 23 0 0 23
"215" 4 "2" -3 1 1 1 23 0 0 23
"216" 5 "2" -3 1 1 1 23 0 0 23
"217" 6 "2" -3 1 1 1 21 0 2 23
"218" 7 "2" -3 1 1 1 23 0 0 23
"219" 8 "2" -3 1 1 1 23 0 0 23
"220" 9 "2" -3 1 1 1 23 0 0 23
"221" 1 "4" -1 1 1 1 23 0 0 23
"222" 10 "4" -1 1 1 1 23 0 0 23
"223" 11 "4" -1 1 1 1 23 0 0 23
"224" 12 "4" -1 1 1 1 23 0 0 23
"225" 13 "4" -1 1 1 1 23 0 0 23
"226" 14 "4" -1 1 1 1 23 0 0 23
"227" 15 "4" -1 1 1 1 23 0 0 23
"228" 16 "4" -1 1 1 1 23 0 0 23
"229" 17 "4" -1 1 1 1 23 0 0 23
"230" 18 "4" -1 1 1 1 23 0 0 23
"231" 19 "4" -1 1 1 1 22 0 1 23
"232" 2 "4" -1 1 1 1 23 0 0 23
"233" 20 "4" -1 1 1 1 23 0 0 23
"234" 3 "4" -1 1 1 1 23 0 0 23
"235" 4 "4" -1 1 1 1 23 0 0 23
"236" 5 "4" -1 1 1 1 23 0 0 23
"237" 6 "4" -1 1 1 1 21 0 2 23
"238" 7 "4" -1 1 1 1 23 0 0 23
"239" 8 "4" -1 1 1 1 23 0 0 23
"240" 9 "4" -1 1 1 1 23 0 0 23
"241" 1 "6" 1 1 1 1 21 0 2 23
"242" 10 "6" 1 1 1 1 22 0 1 23
"243" 11 "6" 1 1 1 1 21 0 2 23
"244" 12 "6" 1 1 1 1 21 0 2 23
"245" 13 "6" 1 1 1 1 22 0 1 23
"246" 14 "6" 1 1 1 1 20 0 3 23
"247" 15 "6" 1 1 1 1 22 0 1 23
"248" 16 "6" 1 1 1 1 22 0 1 23
"249" 17 "6" 1 1 1 1 22 0 1 23
"250" 18 "6" 1 1 1 1 23 0 0 23
"251" 19 "6" 1 1 1 1 22 0 1 23
"252" 2 "6" 1 1 1 1 23 0 0 23
"253" 20 "6" 1 1 1 1 22 0 1 23
"254" 3 "6" 1 1 1 1 22 0 1 23
"255" 4 "6" 1 1 1 1 22 0 1 23
"256" 5 "6" 1 1 1 1 23 0 0 23
"257" 6 "6" 1 1 1 1 18 0 5 23
"258" 7 "6" 1 1 1 1 18 0 5 23
"259" 8 "6" 1 1 1 1 20 0 3 23
"260" 9 "6" 1 1 1 1 23 0 0 23
"261" 1 "8" 3 1 1 1 22 0 1 23
"262" 10 "8" 3 1 1 1 21 0 2 23
"263" 11 "8" 3 1 1 1 20 0 3 23
"264" 12 "8" 3 1 1 1 18 0 5 23
"265" 13 "8" 3 1 1 1 22 0 1 23
"266" 14 "8" 3 1 1 1 19 0 4 23
"267" 15 "8" 3 1 1 1 22 0 1 23
"268" 16 "8" 3 1 1 1 20 0 3 23
"269" 17 "8" 3 1 1 1 22 0 1 23
"270" 18 "8" 3 1 1 1 22 0 1 23
"271" 19 "8" 3 1 1 1 23 0 0 23
"272" 2 "8" 3 1 1 1 19 0 4 23
"273" 20 "8" 3 1 1 1 23 0 0 23
"274" 3 "8" 3 1 1 1 20 0 3 23
"275" 4 "8" 3 1 1 1 21 0 2 23
"276" 5 "8" 3 1 1 1 23 0 0 23
"277" 6 "8" 3 1 1 1 17 0 6 23
"278" 7 "8" 3 1 1 1 19 0 4 23
"279" 8 "8" 3 1 1 1 22 0 1 23
"280" 9 "8" 3 1 1 1 19 0 4 23
"281" 1 "2" -3 1 2 2 23 0 0 23
"282" 10 "2" -3 1 2 2 23 0 0 23
"283" 11 "2" -3 1 2 2 22 1 0 23
"284" 12 "2" -3 1 2 2 21 0 2 23
"285" 13 "2" -3 1 2 2 23 0 0 23
"286" 14 "2" -3 1 2 2 23 0 0 23
"287" 15 "2" -3 1 2 2 23 0 0 23
"288" 16 "2" -3 1 2 2 23 0 0 23
"289" 17 "2" -3 1 2 2 23 0 0 23
"290" 18 "2" -3 1 2 2 23 0 0 23
"291" 19 "2" -3 1 2 2 22 1 0 23
"292" 2 "2" -3 1 2 2 23 0 0 23
"293" 20 "2" -3 1 2 2 23 0 0 23
"294" 3 "2" -3 1 2 2 23 0 0 23
"295" 4 "2" -3 1 2 2 23 0 0 23
"296" 5 "2" -3 1 2 2 23 0 0 23
"297" 6 "2" -3 1 2 2 19 2 2 23
"298" 7 "2" -3 1 2 2 23 0 0 23
"299" 8 "2" -3 1 2 2 23 0 0 23
"300" 9 "2" -3 1 2 2 22 0 1 23
"301" 1 "4" -1 1 2 2 23 0 0 23
"302" 10 "4" -1 1 2 2 22 0 1 23
"303" 11 "4" -1 1 2 2 23 0 0 23
"304" 12 "4" -1 1 2 2 20 2 1 23
"305" 13 "4" -1 1 2 2 23 0 0 23
"306" 14 "4" -1 1 2 2 19 1 3 23
"307" 15 "4" -1 1 2 2 22 0 1 23
"308" 16 "4" -1 1 2 2 20 1 2 23
"309" 17 "4" -1 1 2 2 23 0 0 23
"310" 18 "4" -1 1 2 2 23 0 0 23
"311" 19 "4" -1 1 2 2 22 1 0 23
"312" 2 "4" -1 1 2 2 22 1 0 23
"313" 20 "4" -1 1 2 2 22 1 0 23
"314" 3 "4" -1 1 2 2 23 0 0 23
"315" 4 "4" -1 1 2 2 23 0 0 23
"316" 5 "4" -1 1 2 2 23 0 0 23
"317" 6 "4" -1 1 2 2 19 2 2 23
"318" 7 "4" -1 1 2 2 21 2 0 23
"319" 8 "4" -1 1 2 2 23 0 0 23
"320" 9 "4" -1 1 2 2 23 0 0 23
"321" 1 "6" 1 1 2 2 21 2 0 23
"322" 10 "6" 1 1 2 2 23 0 0 23
"323" 11 "6" 1 1 2 2 21 2 0 23
"324" 12 "6" 1 1 2 2 17 3 3 23
"325" 13 "6" 1 1 2 2 19 1 3 23
"326" 14 "6" 1 1 2 2 21 1 1 23
"327" 15 "6" 1 1 2 2 22 1 0 23
"328" 16 "6" 1 1 2 2 15 6 2 23
"329" 17 "6" 1 1 2 2 21 0 2 23
"330" 18 "6" 1 1 2 2 21 2 0 23
"331" 19 "6" 1 1 2 2 23 0 0 23
"332" 2 "6" 1 1 2 2 22 1 0 23
"333" 20 "6" 1 1 2 2 20 1 2 23
"334" 3 "6" 1 1 2 2 21 1 1 23
"335" 4 "6" 1 1 2 2 22 1 0 23
"336" 5 "6" 1 1 2 2 17 5 1 23
"337" 6 "6" 1 1 2 2 18 2 3 23
"338" 7 "6" 1 1 2 2 16 2 5 23
"339" 8 "6" 1 1 2 2 21 1 1 23
"340" 9 "6" 1 1 2 2 16 6 1 23
"341" 1 "8" 3 1 2 2 21 1 1 23
"342" 10 "8" 3 1 2 2 18 3 2 23
"343" 11 "8" 3 1 2 2 21 1 1 23
"344" 12 "8" 3 1 2 2 12 3 8 23
"345" 13 "8" 3 1 2 2 20 1 2 23
"346" 14 "8" 3 1 2 2 15 6 2 23
"347" 15 "8" 3 1 2 2 17 2 4 23
"348" 16 "8" 3 1 2 2 15 3 5 23
"349" 17 "8" 3 1 2 2 22 0 1 23
"350" 18 "8" 3 1 2 2 19 2 2 23
"351" 19 "8" 3 1 2 2 20 1 2 23
"352" 2 "8" 3 1 2 2 22 0 1 23
"353" 20 "8" 3 1 2 2 20 2 1 23
"354" 3 "8" 3 1 2 2 14 4 5 23
"355" 4 "8" 3 1 2 2 16 4 3 23
"356" 5 "8" 3 1 2 2 16 5 2 23
"357" 6 "8" 3 1 2 2 10 8 5 23
"358" 7 "8" 3 1 2 2 15 6 2 23
"359" 8 "8" 3 1 2 2 18 3 2 23
"360" 9 "8" 3 1 2 2 16 3 4 23
"361" 1 "4" -1 1 4 4 23 0 0 23
"362" 10 "4" -1 1 4 4 23 0 0 23
"363" 11 "4" -1 1 4 4 22 1 0 23
"364" 12 "4" -1 1 4 4 23 0 0 23
"365" 13 "4" -1 1 4 4 23 0 0 23
"366" 14 "4" -1 1 4 4 17 5 1 23
"367" 15 "4" -1 1 4 4 23 0 0 23
"368" 16 "4" -1 1 4 4 22 1 0 23
"369" 17 "4" -1 1 4 4 22 1 0 23
"370" 18 "4" -1 1 4 4 22 1 0 23
"371" 19 "4" -1 1 4 4 23 0 0 23
"372" 2 "4" -1 1 4 4 23 0 0 23
"373" 20 "4" -1 1 4 4 23 0 0 23
"374" 3 "4" -1 1 4 4 22 1 0 23
"375" 4 "4" -1 1 4 4 23 0 0 23
"376" 5 "4" -1 1 4 4 23 0 0 23
"377" 6 "4" -1 1 4 4 19 3 1 23
"378" 7 "4" -1 1 4 4 19 4 0 23
"379" 8 "4" -1 1 4 4 23 0 0 23
"380" 9 "4" -1 1 4 4 23 0 0 23
"381" 1 "6" 1 1 4 4 22 1 0 23
"382" 10 "6" 1 1 4 4 20 2 1 23
"383" 11 "6" 1 1 4 4 21 1 1 23
"384" 12 "6" 1 1 4 4 17 5 1 23
"385" 13 "6" 1 1 4 4 19 4 0 23
"386" 14 "6" 1 1 4 4 15 4 4 23
"387" 15 "6" 1 1 4 4 23 0 0 23
"388" 16 "6" 1 1 4 4 15 6 2 23
"389" 17 "6" 1 1 4 4 23 0 0 23
"390" 18 "6" 1 1 4 4 21 2 0 23
"391" 19 "6" 1 1 4 4 19 3 1 23
"392" 2 "6" 1 1 4 4 23 0 0 23
"393" 20 "6" 1 1 4 4 19 4 0 23
"394" 3 "6" 1 1 4 4 18 4 1 23
"395" 4 "6" 1 1 4 4 21 1 1 23
"396" 5 "6" 1 1 4 4 20 3 0 23
"397" 6 "6" 1 1 4 4 12 4 7 23
"398" 7 "6" 1 1 4 4 13 7 3 23
"399" 8 "6" 1 1 4 4 18 3 2 23
"400" 9 "6" 1 1 4 4 10 9 4 23
"401" 1 "8" 3 1 4 4 17 3 3 23
"402" 10 "8" 3 1 4 4 19 2 2 23
"403" 11 "8" 3 1 4 4 17 1 5 23
"404" 12 "8" 3 1 4 4 8 10 5 23
"405" 13 "8" 3 1 4 4 13 3 7 23
"406" 14 "8" 3 1 4 4 11 8 4 23
"407" 15 "8" 3 1 4 4 17 4 2 23
"408" 16 "8" 3 1 4 4 9 12 2 23
"409" 17 "8" 3 1 4 4 21 2 0 23
"410" 18 "8" 3 1 4 4 19 4 0 23
"411" 19 "8" 3 1 4 4 13 5 5 23
"412" 2 "8" 3 1 4 4 22 1 0 23
"413" 20 "8" 3 1 4 4 13 6 4 23
"414" 3 "8" 3 1 4 4 14 6 3 23
"415" 4 "8" 3 1 4 4 16 6 1 23
"416" 5 "8" 3 1 4 4 13 9 1 23
"417" 6 "8" 3 1 4 4 6 8 9 23
"418" 7 "8" 3 1 4 4 9 7 7 23
"419" 8 "8" 3 1 4 4 16 5 2 23
"420" 9 "8" 3 1 4 4 12 7 4 23
"421" 1 "6" 1 1 6 4 16 5 2 23
"422" 10 "6" 1 1 6 4 21 1 1 23
"423" 11 "6" 1 1 6 4 19 4 0 23
"424" 12 "6" 1 1 6 4 16 4 3 23
"425" 13 "6" 1 1 6 4 18 4 1 23
"426" 14 "6" 1 1 6 4 14 8 1 23
"427" 15 "6" 1 1 6 4 20 3 0 23
"428" 16 "6" 1 1 6 4 10 12 1 23
"429" 17 "6" 1 1 6 4 22 0 1 23
"430" 18 "6" 1 1 6 4 19 2 2 23
"431" 19 "6" 1 1 6 4 20 3 0 23
"432" 2 "6" 1 1 6 4 21 1 1 23
"433" 20 "6" 1 1 6 4 19 3 1 23
"434" 3 "6" 1 1 6 4 17 5 1 23
"435" 4 "6" 1 1 6 4 17 5 1 23
"436" 5 "6" 1 1 6 4 17 6 0 23
"437" 6 "6" 1 1 6 4 15 8 0 23
"438" 7 "6" 1 1 6 4 13 7 3 23
"439" 8 "6" 1 1 6 4 17 6 0 23
"440" 9 "6" 1 1 6 4 14 8 1 23
"441" 1 "8" 3 1 6 4 15 8 0 23
"442" 10 "8" 3 1 6 4 17 5 1 23
"443" 11 "8" 3 1 6 4 18 4 1 23
"444" 12 "8" 3 1 6 4 8 13 2 23
"445" 13 "8" 3 1 6 4 17 3 3 23
"446" 14 "8" 3 1 6 4 12 9 2 23
"447" 15 "8" 3 1 6 4 19 3 1 23
"448" 16 "8" 3 1 6 4 10 11 2 23
"449" 17 "8" 3 1 6 4 19 3 1 23
"450" 18 "8" 3 1 6 4 17 3 3 23
"451" 19 "8" 3 1 6 4 19 3 1 23
"452" 2 "8" 3 1 6 4 20 2 1 23
"453" 20 "8" 3 1 6 4 15 7 1 23
"454" 3 "8" 3 1 6 4 9 14 0 23
"455" 4 "8" 3 1 6 4 12 10 1 23
"456" 5 "8" 3 1 6 4 15 6 2 23
"457" 6 "8" 3 1 6 4 8 8 7 23
"458" 7 "8" 3 1 6 4 12 8 3 23
"459" 8 "8" 3 1 6 4 17 6 0 23
"460" 9 "8" 3 1 6 4 8 11 4 23
"461" 1 "8" 3 1 8 4 15 7 1 23
"462" 10 "8" 3 1 8 4 18 4 1 23
"463" 11 "8" 3 1 8 4 19 2 2 23
"464" 12 "8" 3 1 8 4 9 13 1 23
"465" 13 "8" 3 1 8 4 14 5 4 23
"466" 14 "8" 3 1 8 4 11 7 5 23
"467" 15 "8" 3 1 8 4 17 5 1 23
"468" 16 "8" 3 1 8 4 10 9 4 23
"469" 17 "8" 3 1 8 4 19 3 1 23
"470" 18 "8" 3 1 8 4 21 2 0 23
"471" 19 "8" 3 1 8 4 16 6 1 23
"472" 2 "8" 3 1 8 4 18 4 1 23
"473" 20 "8" 3 1 8 4 17 6 0 23
"474" 3 "8" 3 1 8 4 16 7 0 23
"475" 4 "8" 3 1 8 4 12 8 3 23
"476" 5 "8" 3 1 8 4 11 7 5 23
"477" 6 "8" 3 1 8 4 8 9 6 23
"478" 7 "8" 3 1 8 4 8 10 5 23
"479" 8 "8" 3 1 8 4 19 4 0 23
"480" 9 "8" 3 1 8 4 7 14 2 23
